System | Nucleo(7) | Tiers(12) | Orph(8) | Voisins(17) | TOTAL CHIPS | F/N Ratio
-------|-----------|-----------|---------|-------------|-------------|-----------

>>> DETAILED CHECK SYSTEM 23 <<<

--- Verification for Nucleo 23 (11,30,8,23,10,5,24) ---
Total Cost: 4
  - SPLIT [5,8]
  - SPLIT [10,11]
  - SPLIT [23,24]
  - STRAIGHT [30]

--- Verification for Vecinos 23 (34,6,27,13,36,11,30,8,23,10,5,24,16,33,1,20,14) ---
Total Cost: 10
  - CORNER [10,11,13,14]
  - SPLIT [5,8]
  - SPLIT [20,23]
  - SPLIT [24,27]
  - SPLIT [30,33]
  - STRAIGHT [1]
  - STRAIGHT [6]
  - STRAIGHT [16]
  - STRAIGHT [34]
  - STRAIGHT [36]

>>> DETAILED CHECK SYSTEM 26 <<<

--- Verification for Nucleo 26 (12,35,3,26,0,32,15) ---
Total Cost: 4
  - SPLIT [12,15]
  - SPLIT [32,35]
  - SPLIT [0,3]
  - STRAIGHT [26]

--- Verification for Vecinos 26 (22,18,29,7,28,12,35,3,26,0,32,15,19,4,21,2,25) ---
Total Cost: 7
  - CORNER [25,26,28,29]
  - TRIO [0,2,3]
  - SPLIT [4,7]
  - SPLIT [12,15]
  - SPLIT [18,21]
  - SPLIT [19,22]
  - SPLIT [32,35]
Sys 26 | 4 (1.75) | 8 (1.50) | 5 (1.60) | 7 (2.43) | 24        | 0.649
Sys 0  | 5 (1.40) | 8 (1.50) | 6 (1.33) | 8 (2.13) | 27        | 0.730
Sys 10 | 5 (1.40) | 7 (1.71) | 6 (1.33) | 10 (1.70) | 28        | 0.757
Sys 11 | 5 (1.40) | 8 (1.50) | 4 (2.00) | 11 (1.55) | 28        | 0.757
Sys 3  | 5 (1.40) | 9 (1.33) | 6 (1.33) | 9 (1.89) | 29        | 0.784
Sys 5  | 5 (1.40) | 8 (1.50) | 6 (1.33) | 10 (1.70) | 29        | 0.784
Sys 23 | 4 (1.75) | 8 (1.50) | 7 (1.14) | 10 (1.70) | 29        | 0.784
Sys 28 | 6 (1.17) | 9 (1.33) | 4 (2.00) | 10 (1.70) | 29        | 0.784
Sys 32 | 6 (1.17) | 8 (1.50) | 6 (1.33) | 9 (1.89) | 29        | 0.784
Sys 12 | 6 (1.17) | 9 (1.33) | 6 (1.33) | 9 (1.89) | 30        | 0.811
Sys 30 | 5 (1.40) | 8 (1.50) | 5 (1.60) | 12 (1.42) | 30        | 0.811
Sys 35 | 6 (1.17) | 9 (1.33) | 6 (1.33) | 9 (1.89) | 30        | 0.811
Sys 36 | 5 (1.40) | 9 (1.33) | 5 (1.60) | 11 (1.55) | 30        | 0.811
Sys 24 | 6 (1.17) | 8 (1.50) | 7 (1.14) | 10 (1.70) | 31        | 0.838
Sys 7  | 6 (1.17) | 10 (1.20) | 5 (1.60) | 11 (1.55) | 32        | 0.865
Sys 13 | 6 (1.17) | 10 (1.20) | 5 (1.60) | 11 (1.55) | 32        | 0.865
Sys 29 | 5 (1.40) | 10 (1.20) | 5 (1.60) | 12 (1.42) | 32        | 0.865
Sys 8  | 5 (1.40) | 8 (1.50) | 8 (1.00) | 12 (1.42) | 33        | 0.892
Sys 16 | 7 (1.00) | 7 (1.71) | 7 (1.14) | 12 (1.42) | 33        | 0.892
Sys 21 | 7 (1.00) | 10 (1.20) | 5 (1.60) | 11 (1.55) | 33        | 0.892
Sys 1  | 7 (1.00) | 9 (1.33) | 6 (1.33) | 12 (1.42) | 34        | 0.919
Sys 4  | 7 (1.00) | 10 (1.20) | 6 (1.33) | 11 (1.55) | 34        | 0.919
Sys 15 | 7 (1.00) | 8 (1.50) | 8 (1.00) | 11 (1.55) | 34        | 0.919
Sys 19 | 6 (1.17) | 9 (1.33) | 8 (1.00) | 11 (1.55) | 34        | 0.919
Sys 20 | 7 (1.00) | 10 (1.20) | 5 (1.60) | 12 (1.42) | 34        | 0.919
Sys 27 | 7 (1.00) | 10 (1.20) | 6 (1.33) | 12 (1.42) | 35        | 0.946
Sys 33 | 7 (1.00) | 8 (1.50) | 8 (1.00) | 12 (1.42) | 35        | 0.946
Sys 14 | 7 (1.00) | 11 (1.09) | 6 (1.33) | 12 (1.42) | 36        | 0.973
Sys 18 | 6 (1.17) | 11 (1.09) | 6 (1.33) | 13 (1.31) | 36        | 0.973
Sys 2  | 7 (1.00) | 12 (1.00) | 5 (1.60) | 13 (1.31) | 37        | 1.000
Sys 6  | 7 (1.00) | 10 (1.20) | 6 (1.33) | 14 (1.21) | 37        | 1.000
Sys 31 | 7 (1.00) | 12 (1.00) | 5 (1.60) | 14 (1.21) | 38        | 1.027
Sys 9  | 7 (1.00) | 12 (1.00) | 6 (1.33) | 15 (1.13) | 40        | 1.081
Sys 17 | 7 (1.00) | 12 (1.00) | 7 (1.14) | 14 (1.21) | 40        | 1.081
Sys 22 | 7 (1.00) | 12 (1.00) | 7 (1.14) | 14 (1.21) | 40        | 1.081
Sys 25 | 7 (1.00) | 12 (1.00) | 7 (1.14) | 14 (1.21) | 40        | 1.081
Sys 34 | 7 (1.00) | 11 (1.09) | 7 (1.14) | 15 (1.13) | 40        | 1.081
